1,100,0.98810595
1,174,0.94501084
1,318,0.895398
1,98,0.8685696
1,56,0.8597586
2,258,0.8642202
2,288,0.8007871
2,313,0.80062747
2,294,0.7789055
2,50,0.7035662
3,258,0.7866187
3,300,0.73955745
3,313,0.7262884
3,286,0.7254388
3,288,0.7174862
4,313,0.7317462
4,288,0.7316222
4,294,0.71498173
4,286,0.7111317
4,50,0.69356126
5,100,0.78898925
5,127,0.73540056
5,222,0.7056657
5,1,0.6886517
5,258,0.6869797
6,100,0.96160793
6,318,0.89214635
6,483,0.87299234
6,180,0.8725929
6,197,0.86775666
7,174,1.1685942
7,191,1.1369535
7,89,1.1041387
7,172,1.101426
7,168,1.0988375
8,50,0.81748295
8,100,0.7331432
8,127,0.68141174
8,1,0.6466996
8,117,0.6464497
9,258,0.7543264
9,100,0.753268
9,127,0.7021825
9,313,0.6910921
9,181,0.6876488
10,100,1.0206835
10,191,0.96166945
10,318,0.951275
10,127,0.9405484
10,483,0.93482244
11,50,0.8994928
11,100,0.88026816
11,127,0.82209337
11,181,0.7876481
11,174,0.7587926
12,50,0.8192157
12,100,0.77349406
12,181,0.705788
12,258,0.6710442
12,222,0.6497552
13,100,1.1059312
13,318,1.0536228
13,191,1.0495259
13,56,1.0170712
13,98,1.013389
14,100,0.8207884
14,50,0.80299884
14,127,0.755016
14,174,0.69512755
14,258,0.68374974
15,258,0.8504396
15,300,0.8224831
15,288,0.79266834
15,313,0.7786732
15,294,0.776453
16,50,0.98919326
16,174,0.9373805
16,318,0.8727416
16,181,0.8656015
16,210,0.8464304
17,258,0.7557322
17,313,0.6980709
17,300,0.6926027
17,50,0.6906186
17,286,0.684338
18,191,1.0405275
18,180,1.0249335
18,483,1.0166285
18,318,1.0137702
18,135,0.99985516
19,100,0.65375704
19,50,0.6516346
19,258,0.6453164
19,127,0.5991593
19,313,0.59216446
20,50,0.8004551
20,258,0.717827
20,100,0.70295256
20,237,0.6779376
20,300,0.67477447
21,50,0.8110752
21,100,0.79510516
21,258,0.7905319
21,313,0.73001236
21,181,0.7183298
22,100,0.8753316
22,318,0.8105954
22,222,0.8104697
22,204,0.80611265
22,172,0.7984102
23,50,0.8961321
23,127,0.8345395
23,318,0.809641
23,191,0.7912176
23,98,0.77916366
24,50,0.8270433
24,100,0.781424
24,181,0.7150275
24,174,0.70336956
24,258,0.683884
25,50,0.8786605
25,100,0.8407378
25,174,0.8204541
25,127,0.7793797
25,318,0.7651946
26,258,0.7997855
26,294,0.72725934
26,286,0.69298106
26,100,0.67667085
26,127,0.63304293
27,258,0.700665
27,50,0.6891409
27,100,0.685355
27,313,0.6421419
27,127,0.63290083
28,50,0.84995514
28,100,0.7838227
28,181,0.74483514
28,127,0.7323341
28,258,0.7151829
29,100,0.76824796
29,50,0.7155695
29,258,0.7078167
29,127,0.70447075
29,313,0.67576355
30,50,0.7083684
30,100,0.6907673
30,300,0.6858843
30,288,0.67149746
30,294,0.6565094
31,100,0.8096412
31,50,0.7710311
31,258,0.75600916
31,127,0.74790275
31,313,0.7190076
32,258,0.802532
32,300,0.77438074
32,294,0.73974264
32,100,0.7091118
32,237,0.67921674
33,258,0.8238161
33,294,0.7629568
33,313,0.74455607
33,286,0.70332193
33,50,0.6876929
34,258,0.7659733
34,300,0.71134543
34,313,0.7074413
34,286,0.700045
34,288,0.69361156
35,258,0.7793555
35,288,0.7224151
35,294,0.7106403
35,313,0.704696
35,50,0.6805135
36,258,0.76707596
36,300,0.72175896
36,50,0.7073048
36,313,0.6988608
36,100,0.6890606
37,181,0.7461264
37,100,0.73618406
37,222,0.7142811
37,117,0.6978169
37,258,0.69482744
38,50,0.94615114
38,258,0.87470204
38,181,0.8611809
38,100,0.8587437
38,300,0.82821417
39,258,0.79228055
39,300,0.7531278
39,286,0.72908217
39,100,0.6687514
39,50,0.6558919
40,258,0.7469568
40,286,0.7132828
40,313,0.69700843
40,100,0.6861122
40,300,0.67939526
41,100,0.80109656
41,174,0.75549847
41,127,0.7331381
41,98,0.6838037
41,204,0.66711843
42,222,0.8521454
42,117,0.8401964
42,100,0.83098555
42,127,0.7869973
42,210,0.7740615
43,50,0.9490798
43,181,0.8447796
43,1,0.787811
43,117,0.78596395
43,237,0.77802825
44,174,0.87257326
44,127,0.80403286
44,204,0.7976483
44,98,0.78075856
44,210,0.7807351
45,258,0.7713773
45,300,0.7539317
45,288,0.7264088
45,294,0.7233022
45,237,0.69180804
46,258,0.7595574
46,300,0.7110314
46,313,0.6962074
46,288,0.6916837
46,294,0.6731263
47,286,0.7910766
47,313,0.7541176
47,300,0.75150853
47,288,0.73081875
47,302,0.7260667
48,100,0.7605254
48,50,0.7172416
48,127,0.6880629
48,174,0.6657949
48,318,0.6372984
49,100,0.8584473
49,50,0.83907217
49,127,0.7953412
49,258,0.7614009
49,181,0.7235353
50,258,0.7782504
50,300,0.721179
50,313,0.72037953
50,286,0.71409523
50,100,0.70585406
51,100,0.7107172
51,127,0.6575557
51,258,0.6363979
51,174,0.6246547
51,222,0.60382915
52,50,0.8265315
52,300,0.78569436
52,288,0.7684106
52,294,0.7579071
52,181,0.74967027
53,258,0.76921123
53,300,0.750926
53,181,0.75022095
53,237,0.7337365
53,294,0.7276326
54,258,0.8429453
54,300,0.83590066
54,294,0.7946113
54,50,0.7652346
54,313,0.75211287
55,100,0.7020689
55,258,0.7015212
55,237,0.6598938
55,127,0.65783936
55,222,0.65318143
56,174,0.9004918
56,181,0.8841069
56,222,0.8776652
56,100,0.8582909
56,172,0.8229785
57,300,0.8385693
57,294,0.8080286
57,237,0.79166085
57,222,0.7424917
57,313,0.7280438
58,100,0.90006965
58,50,0.87975436
58,318,0.7697604
58,181,0.74758583
58,258,0.7279659
59,318,1.1224151
59,100,1.111437
59,50,1.0992265
59,204,1.0816436
59,172,1.078107
60,191,1.0080221
60,318,1.0077708
60,100,1.0060717
60,56,0.9728957
60,172,0.9695569
61,288,0.7196348
61,313,0.7189673
61,294,0.7036816
61,286,0.69493204
61,50,0.6854883
62,100,0.9559372
62,181,0.85709155
62,318,0.8501363
62,204,0.8154894
62,258,0.8051658
63,258,0.81526905
63,300,0.7579125
63,313,0.7579084
63,100,0.7431289
63,288,0.7425413
64,100,0.88977265
64,318,0.850374
64,204,0.8351444
64,56,0.8160012
64,181,0.81447345
65,100,0.7810086
65,181,0.74175507
65,174,0.73978436
65,127,0.72762424
65,222,0.6999355
66,258,0.7695389
66,288,0.7127188
66,313,0.6917108
66,100,0.6861998
66,181,0.65541166
67,50,0.7666376
67,258,0.7637486
67,300,0.73266715
67,288,0.7112756
67,294,0.70438933
68,100,0.7047244
68,313,0.69980484
68,300,0.69835395
68,50,0.6906732
68,288,0.6855968
69,258,0.80930454
69,100,0.80364823
69,127,0.75444335
69,300,0.74639136
69,313,0.7406065
70,50,0.8519905
70,100,0.7601661
70,127,0.70881546
70,117,0.68669266
70,318,0.6838028
71,50,0.72732556
71,127,0.6956473
71,258,0.66539335
71,313,0.62964225
71,302,0.6138338
72,50,0.971139
72,100,0.93475837
72,127,0.87474823
72,181,0.85016567
72,258,0.7977737
73,100,0.78257525
73,50,0.7244124
73,127,0.7109514
73,258,0.62443733
73,174,0.62360555
74,300,0.78512704
74,288,0.75641483
74,286,0.7559698
74,100,0.68198955
74,50,0.6685194
75,50,0.85106367
75,258,0.82734495
75,300,0.791818
75,100,0.7768345
75,181,0.7745836
76,100,0.7952609
76,50,0.7703711
76,127,0.73197305
76,258,0.70435745
76,313,0.66568387
77,50,0.8138482
77,100,0.8034896
77,127,0.74158037
77,174,0.70810604
77,181,0.69310355
78,258,0.74641466
78,300,0.7106794
78,50,0.693471
78,294,0.6758875
78,313,0.67097616
79,286,0.8223345
79,313,0.7907099
79,300,0.7739483
79,100,0.7692232
79,302,0.7667756
80,50,0.73098487
80,258,0.7077391
80,127,0.68630767
80,313,0.6602025
80,181,0.6293453
81,50,0.78142005
81,258,0.76112515
81,100,0.72257775
81,300,0.7172438
81,288,0.70217216
82,174,0.76721865
82,127,0.7604069
82,191,0.7037788
82,98,0.6974638
82,56,0.68836933
83,50,0.94847035
83,181,0.8571513
83,222,0.8350307
83,117,0.824544
83,100,0.8207703
84,50,0.83552235
84,288,0.7821346
84,294,0.774425
84,181,0.7616299
84,313,0.7536239
85,100,0.95666474
85,318,0.92864054
85,89,0.8981632
85,480,0.89503473
85,56,0.8917239
86,258,0.75101984
86,286,0.70985276
86,313,0.69811845
86,300,0.6893787
86,100,0.6780339
87,318,0.8508407
87,117,0.84836066
87,210,0.84509534
87,1,0.84070396
87,98,0.8307006
88,258,0.77491975
88,313,0.72017384
88,300,0.71673435
88,288,0.69986725
88,100,0.6949461
89,258,0.81551534
89,300,0.7687609
89,288,0.75354433
89,294,0.7417976
89,313,0.7405312
90,100,1.1354373
90,191,1.0708264
90,180,1.0574661
90,483,1.0532522
90,197,1.0516529
91,100,0.7990483
91,174,0.7342859
91,181,0.7035844
91,318,0.6800989
91,258,0.6680831
92,181,0.9143794
92,127,0.9119394
92,318,0.8814254
92,98,0.86020756
92,172,0.8595028
93,258,0.69595844
93,100,0.6809449
93,50,0.67958987
93,313,0.63816476
93,127,0.6277946
94,174,1.1524581
94,50,1.1387626
94,100,1.1233304
94,89,1.0708224
94,168,1.064006
95,174,1.0805571
95,318,1.0271093
95,204,1.0190241
95,191,1.0130551
95,172,1.0122029
96,50,0.8022213
96,100,0.77146125
96,204,0.6571705
96,191,0.6565663
96,172,0.6523194
97,50,0.85015535
97,100,0.8217742
97,174,0.81266713
97,318,0.7622421
97,127,0.757882
98,100,0.7559855
98,50,0.74801314
98,127,0.69299763
98,258,0.64070773
98,181,0.628895
99,50,0.8886437
99,258,0.85999924
99,181,0.81570995
99,288,0.81158286
99,237,0.79615057
100,286,0.82512456
100,288,0.8139973
100,313,0.81344897
100,302,0.7599116
100,100,0.7268989
101,300,0.81176704
101,258,0.80455536
101,50,0.7851352
101,294,0.77623606
101,237,0.73732346
102,50,0.7762009
102,100,0.73706585
102,127,0.6841511
102,181,0.6741829
102,313,0.6278804
103,50,0.75477594
103,258,0.74533546
103,100,0.70977753
103,300,0.6940019
103,288,0.68051344
104,258,0.84650433
104,300,0.81640005
104,288,0.7890885
104,294,0.7752101
104,286,0.7297678
105,258,0.7794309
105,286,0.7491339
105,300,0.721588
105,100,0.6886329
105,294,0.68023944
106,50,0.7525709
106,100,0.7512138
106,127,0.69177103
106,258,0.6739425
106,181,0.64303136
107,258,0.7203644
107,100,0.66666865
107,313,0.6655869
107,286,0.6581422
107,300,0.6554887
108,258,0.7435607
108,50,0.7059375
108,100,0.6944236
108,300,0.6879646
108,313,0.6785722
109,117,0.9105611
109,204,0.85539615
109,1,0.8467048
109,100,0.84607524
109,237,0.8449252
110,50,0.8296768
110,100,0.7531126
110,181,0.7368787
110,127,0.70676064
110,237,0.68418026
111,313,0.71991676
111,300,0.7031849
111,288,0.68764776
111,100,0.6862183
111,294,0.6620952
112,258,0.8753935
112,300,0.85150814
112,286,0.8215436
112,288,0.8159497
112,294,0.79871553
113,300,0.83944654
113,288,0.8108165
113,294,0.7973612
113,313,0.7923209
113,286,0.7495592
114,100,0.75515693
114,50,0.7450428
114,127,0.68960345
114,174,0.6562047
114,181,0.6179797
115,50,0.83956784
115,127,0.77879405
115,258,0.7431692
115,181,0.72569233
115,313,0.6969026
116,100,0.84289
116,50,0.81413376
116,313,0.7798455
116,286,0.769706
116,302,0.75217885
117,50,0.8354299
117,100,0.7507198
117,181,0.7391641
117,258,0.7147542
117,127,0.7033344
118,50,0.825255
118,127,0.76304287
118,174,0.7187471
118,181,0.70292455
118,318,0.6716959
119,258,1.0215768
119,294,0.964819
119,100,0.9452725
119,313,0.9349211
119,237,0.93123966
120,300,0.7267783
120,288,0.70319223
120,294,0.69502866
120,100,0.67533624
120,313,0.6735099
121,258,0.7566791
121,181,0.6886506
121,288,0.6719186
121,300,0.66876954
121,9,0.6578568
122,100,0.79039675
122,50,0.7641066
122,174,0.6662847
122,258,0.6430387
122,181,0.6366871
123,127,0.74242723
123,50,0.7285448
123,302,0.6953102
123,258,0.6796671
123,313,0.6648294
124,50,0.741169
124,100,0.70303226
124,127,0.6487331
124,258,0.6398808
124,181,0.6360856
125,50,0.90188134
125,100,0.81953937
125,174,0.78930837
125,127,0.7682923
125,1,0.7335253
126,258,0.8524062
126,286,0.8036619
126,313,0.7924995
126,288,0.78438216
126,294,0.76471406
127,100,0.6780722
127,300,0.67541677
127,288,0.6596029
127,181,0.65469974
127,294,0.6509763
128,50,0.94823676
128,174,0.8927194
128,100,0.8839783
128,318,0.82930183
128,127,0.82600355
129,258,0.7298728
129,100,0.68813056
129,313,0.6869518
129,300,0.6507733
129,288,0.6431429
130,50,1.2297745
130,222,1.1146696
130,288,1.1070328
130,100,1.1069753
130,127,1.0696409
131,258,0.7497195
131,286,0.73308647
131,100,0.71465725
131,313,0.70485544
131,302,0.68710065
132,50,0.6923353
132,258,0.642634
132,313,0.60650355
132,302,0.5913489
132,286,0.59102494
133,258,0.7753727
133,286,0.75863755
133,313,0.7258725
133,300,0.7136892
133,302,0.7001734
134,258,0.7816335
134,300,0.75729656
134,288,0.727194
134,313,0.70373416
134,50,0.6922247
135,50,0.74768287
135,100,0.7285064
135,258,0.68085986
135,127,0.673385
135,181,0.64460933
136,100,0.7360229
136,313,0.7020907
136,302,0.68583024
136,50,0.68524224
136,300,0.65776825
137,50,0.80811095
137,258,0.7481935
137,300,0.73187655
137,237,0.71840334
137,294,0.7097502
138,50,0.82400835
138,100,0.8141888
138,127,0.7528614
138,181,0.70651466
138,174,0.70285654
139,258,0.7637261
139,50,0.705919
139,313,0.70494175
139,300,0.7018108
139,286,0.6830327
140,258,0.7403156
140,313,0.69698966
140,100,0.6737102
140,300,0.66763306
140,288,0.6557017
141,300,1.0222632
141,258,0.98334515
141,288,0.9672116
141,237,0.8894416
141,50,0.8892129
142,100,0.7223423
142,50,0.70221364
142,258,0.6766035
142,127,0.66294974
142,313,0.63213056
143,258,0.81275827
143,300,0.7848214
143,294,0.7386706
143,286,0.72668695
143,302,0.6740376
144,50,1.0373482
144,181,0.91312337
144,7,0.86342734
144,191,0.86147827
144,313,0.85102034
145,50,1.0843257
145,258,1.0305163
145,100,1.0073115
145,300,0.9840932
145,288,0.9713549
146,286,0.8326053
146,313,0.7918515
146,300,0.79103005
146,288,0.76885486
146,302,0.764502
147,258,0.8144262
147,300,0.75345194
147,288,0.73534185
147,100,0.7186277
147,294,0.7096125
148,100,0.7845114
148,127,0.72314155
148,318,0.71322227
148,204,0.6871503
148,98,0.6853218
149,258,0.75679797
149,300,0.6837776
149,100,0.6834394
149,288,0.67136407
149,269,0.64964646
150,258,0.7944519
150,300,0.7471345
150,313,0.7293377
150,50,0.7124833
150,100,0.7123368
151,191,1.0505692
151,100,1.0499405
151,318,1.0342981
151,180,1.0198344
151,197,1.0098836
152,50,1.0077813
152,181,0.9122234
152,222,0.8898707
152,100,0.8864027
152,174,0.8600734
153,50,0.7496112
153,100,0.71033144
153,127,0.6570009
153,181,0.6466799
153,313,0.596704
154,100,0.7979067
154,50,0.7654612
154,127,0.7286289
154,318,0.6479979
154,181,0.63385475
155,258,0.7100224
155,100,0.6898849
155,50,0.6636729
155,313,0.6611495
155,286,0.65655136
156,50,0.7009797
156,127,0.6703599
156,258,0.6148401
156,313,0.5834784
156,181,0.5789271
157,258,0.7814618
157,300,0.737339
157,288,0.716941
157,294,0.69990635
157,127,0.64823234
158,50,0.9493792
158,100,0.9010756
158,127,0.8437696
158,181,0.83437526
158,258,0.7867439
159,300,1.0342978
159,258,1.0160214
159,288,0.98831356
159,50,0.9311456
159,313,0.90969074
160,50,0.9056058
160,258,0.82568735
160,181,0.7927393
160,313,0.78124034
160,9,0.76456785
161,258,0.6877661
161,50,0.6739479
161,313,0.6364582
161,127,0.6300321
161,286,0.60965544
162,50,0.78156465
162,258,0.7362571
162,100,0.7144541
162,181,0.6978848
162,300,0.68783844
163,100,0.68332577
163,50,0.66277754
163,313,0.6514418
163,286,0.6398474
163,127,0.62880087
164,300,0.9168352
164,288,0.87481636
164,294,0.8711982
164,313,0.8141926
164,50,0.8123044
165,50,0.7669105
165,100,0.729337
165,258,0.6940179
165,181,0.6681282
165,313,0.6314455
166,258,0.7494976
166,300,0.6959475
166,288,0.6787244
166,50,0.6782029
166,100,0.6776831
167,100,0.8155295
167,50,0.7980922
167,127,0.7471604
167,174,0.73135996
167,191,0.67132336
168,258,0.8837306
168,288,0.85495085
168,50,0.82982206
168,237,0.79574084
168,100,0.7198161
169,100,0.76427305
169,127,0.7055992
169,313,0.6714286
169,181,0.6447599
169,286,0.6394469
170,258,0.8011619
170,288,0.74465734
170,294,0.7325069
170,313,0.72691506
170,286,0.6883789
171,286,0.7925635
171,313,0.7393644
171,300,0.72707415
171,302,0.7220903
171,288,0.7076399
172,100,0.6972699
172,50,0.66964364
172,127,0.63575864
172,258,0.63349813
172,313,0.5930988
173,286,0.9421983
173,300,0.89396244
173,313,0.8677415
173,288,0.8575343
173,294,0.83264905
174,258,0.9403649
174,181,0.9388736
174,127,0.92646265
174,1,0.88575304
174,237,0.88362116
175,100,0.7576414
175,174,0.7041807
175,127,0.69954425
175,181,0.68165797
175,318,0.644279
176,258,0.842149
176,300,0.8104491
176,288,0.78409237
176,313,0.7700025
176,294,0.7672919
177,100,0.8646172
177,318,0.74060166
177,258,0.72602504
177,191,0.7042957
177,56,0.70396084
178,181,0.98735625
178,117,0.95866483
178,258,0.89780873
178,210,0.8951826
178,204,0.88420814
179,258,0.8139307
179,294,0.734951
179,286,0.73160416
179,50,0.6905364
179,100,0.6903731
180,50,0.8153547
180,100,0.771364
180,127,0.7162957
180,181,0.7062438
180,174,0.6782564
181,258,0.782306
181,300,0.76727086
181,50,0.7389735
181,288,0.7364096
181,294,0.73129034
182,100,0.69334096
182,258,0.69192505
182,127,0.6443388
182,300,0.62945575
182,288,0.62278825
183,50,0.72485965
183,100,0.66889924
183,181,0.62192464
183,127,0.6170658
183,258,0.6110914
184,100,1.023251
184,174,0.9418271
184,191,0.9149077
184,98,0.8831875
184,180,0.8807755
185,100,0.7625682
185,313,0.72160727
185,127,0.7068283
185,300,0.6921975
185,288,0.68872344
186,50,0.8568233
186,258,0.8250867
186,100,0.793044
186,300,0.77749634
186,181,0.77421296
187,100,0.8319236
187,50,0.8133886
187,174,0.7832953
187,127,0.76101625
187,318,0.7487229
188,181,0.77930677
188,127,0.767787
188,222,0.73705626
188,1,0.720774
188,258,0.7206444
189,100,0.9613241
189,174,0.94830006
189,483,0.8990829
189,197,0.8924415
189,56,0.8888392
190,258,0.8388104
190,300,0.8257829
190,294,0.7822373
190,50,0.73942024
190,286,0.686175
191,258,0.8116848
191,286,0.7815532
191,313,0.7575108
191,288,0.7378934
191,302,0.72227514
192,258,0.7623727
192,300,0.70878476
192,313,0.6969274
192,288,0.6942135
192,294,0.67635834
193,50,0.83470833
193,258,0.8238369
193,100,0.80013317
193,288,0.75483185
193,127,0.7517417
194,50,0.83738154
194,191,0.7867942
194,127,0.76870114
194,56,0.7593066
194,98,0.7555792
195,100,0.80029917
195,50,0.78011674
195,258,0.7204984
195,181,0.6683103
195,302,0.6536133
196,258,0.6926436
196,100,0.6889618
196,50,0.67853373
196,313,0.63952065
196,127,0.6341175
197,100,0.74939543
197,181,0.73151296
197,258,0.71163243
197,127,0.70173776
197,222,0.68294847
198,100,0.8747114
198,174,0.84775364
198,318,0.79595214
198,204,0.7645937
198,172,0.75956875
199,258,0.7358161
199,100,0.7113265
199,286,0.6994915
199,50,0.6711884
199,302,0.6628528
200,50,1.0380416
200,174,0.9673601
200,181,0.9276043
200,222,0.92384297
200,100,0.90695816
201,100,1.0225844
201,50,1.0094007
201,174,0.9762743
201,98,0.90614283
201,56,0.90328133
202,50,0.71173507
202,100,0.7033253
202,127,0.6501327
202,313,0.6415634
202,300,0.62051904
203,258,0.7750035
203,300,0.73746693
203,50,0.73682475
203,294,0.70468366
203,313,0.69875324
204,258,0.75944513
204,286,0.7587925
204,100,0.7487792
204,313,0.72208595
204,302,0.7167975
205,258,0.7713583
205,300,0.714589
205,313,0.71372265
205,286,0.7056328
205,288,0.69792336
206,258,0.76607674
206,286,0.7170476
206,313,0.71095103
206,300,0.7086796
206,288,0.69132525
207,50,0.85501426
207,100,0.8467981
207,174,0.76894855
207,181,0.73016584
207,318,0.72078776
208,50,0.7496708
208,100,0.70983124
208,258,0.6735437
208,127,0.65780884
208,181,0.6504788
209,258,0.7491725
209,50,0.7237053
209,100,0.7154816
209,300,0.68784535
209,313,0.68622977
210,50,0.9258957
210,100,0.8815602
210,127,0.82088584
210,318,0.8168371
210,204,0.79396635
211,50,0.7217775
211,100,0.7100373
211,127,0.6507085
211,258,0.61505455
211,181,0.6083427
212,100,0.7523712
212,50,0.7332061
212,127,0.68748647
212,258,0.62862116
212,174,0.61292845
213,50,0.90036774
213,100,0.8616093
213,174,0.8192431
213,318,0.76154524
213,204,0.73356926
214,50,0.8347564
214,56,0.7269209
214,483,0.722388
214,197,0.7138543
214,194,0.7046565
215,100,0.7683672
215,318,0.67914075
215,204,0.65853816
215,222,0.6583374
215,210,0.64477247
216,127,0.8151469
216,174,0.8111325
216,181,0.8040906
216,258,0.75886285
216,222,0.75133985
217,50,0.8083185
217,100,0.714969
217,181,0.7135615
217,258,0.6859444
217,127,0.66927105
218,100,0.7793718
218,50,0.7532109
218,127,0.71158403
218,174,0.6632969
218,318,0.6257782
219,100,0.74774206
219,50,0.71950054
219,127,0.6877012
219,313,0.6618551
219,286,0.6467421
220,258,0.7968826
220,313,0.7346792
220,286,0.7312538
220,288,0.7295638
220,100,0.6871339
221,100,0.8164195
221,258,0.78395706
221,127,0.76920295
221,222,0.760815
221,237,0.75502056
222,222,0.9777569
222,210,0.94388986
222,204,0.9417754
222,172,0.9309392
222,1,0.9223834
223,258,0.8137264
223,50,0.81023705
223,300,0.795224
223,288,0.7673536
223,294,0.76522064
224,50,0.9041248
224,100,0.8337537
224,181,0.8076053
224,258,0.8019533
224,127,0.7853472
225,100,0.7826308
225,50,0.7412577
225,127,0.7133358
225,174,0.6471815
225,258,0.6278557
226,50,0.79754174
226,100,0.7878895
226,127,0.72948825
226,258,0.71272
226,181,0.6888582
227,258,0.80649173
227,286,0.7816874
227,313,0.7564157
227,300,0.7385617
227,302,0.7305953
228,258,0.69373834
228,100,0.68166167
228,50,0.6587743
228,313,0.64449906
228,127,0.6263133
229,258,0.77472794
229,286,0.7440766
229,313,0.7217479
229,300,0.7175874
229,302,0.6884697
230,50,0.8768989
230,181,0.7603685
230,222,0.7464988
230,210,0.74418116
230,172,0.74335533
231,258,0.7548375
231,288,0.7009004
231,294,0.6928102
231,313,0.6732005
231,100,0.6640372
232,127,0.8043389
232,258,0.7376299
232,174,0.7189103
232,181,0.7110491
232,313,0.70755726
233,50,0.8670158
233,174,0.85985166
233,191,0.8198513
233,56,0.78950053
233,98,0.7866737
234,191,0.9687067
234,174,0.9677345
234,318,0.9545737
234,50,0.9489061
234,180,0.94640785
235,100,0.8449099
235,127,0.7763503
235,174,0.7130144
235,258,0.69302416
235,181,0.6815659
236,50,0.7984008
236,100,0.7747053
236,174,0.6782742
236,258,0.6673659
236,1,0.6265167
237,100,0.8017425
237,50,0.7514661
237,318,0.68838936
237,191,0.68215
237,98,0.6556978
238,258,0.7246435
238,50,0.69086003
238,300,0.6876547
238,288,0.66619736
238,294,0.6555492
239,100,0.97965986
239,127,0.8980436
239,191,0.8816356
239,318,0.87217367
239,197,0.8587511
240,258,0.7805708
240,313,0.7334707
240,300,0.720048
240,288,0.70137274
240,100,0.6792102
241,258,0.767813
241,313,0.7081925
241,294,0.6779275
241,100,0.6748851
241,50,0.66054547
242,258,0.7554679
242,300,0.7084921
242,50,0.70025134
242,288,0.69017226
242,313,0.68710846
243,100,0.836595
243,50,0.8118534
243,127,0.77409095
243,258,0.7576756
243,313,0.7172456
244,100,0.96529675
244,174,0.9579887
244,127,0.90573955
244,181,0.8943272
244,204,0.8796999
245,50,0.719232
245,288,0.6998097
245,294,0.690499
245,313,0.67838955
245,100,0.6717604
246,100,0.8169683
246,127,0.7590105
246,174,0.74407256
246,258,0.7049873
246,318,0.6842196
247,50,0.7281018
247,100,0.70431596
247,300,0.6804955
247,313,0.6724613
247,288,0.66898954
248,100,0.6935613
248,258,0.64579713
248,127,0.641009
248,181,0.6353402
248,313,0.58313024
249,100,0.8958617
249,174,0.84449494
249,127,0.8360028
249,181,0.8134101
249,98,0.7658639
250,127,0.81660694
250,300,0.75846267
250,1,0.7547337
250,237,0.75069237
250,294,0.7444618
251,50,0.79756117
251,258,0.7529702
251,100,0.7188334
251,181,0.7175222
251,288,0.69691485
252,258,0.76041806
252,100,0.7300039
252,313,0.7101396
252,50,0.69518965
252,300,0.68579185
253,50,0.89182603
253,181,0.7841759
253,127,0.78210926
253,174,0.7565237
253,258,0.7558613
254,50,0.857225
254,174,0.77497506
254,100,0.75884503
254,222,0.7213595
254,127,0.7077322
255,258,0.75732577
255,50,0.730016
255,300,0.7120939
255,100,0.6947708
255,288,0.69424975
256,181,1.008119
256,237,0.9877784
256,258,0.9695188
256,121,0.9660894
256,300,0.9587851
257,258,0.8376693
257,100,0.8330205
257,302,0.7909041
257,50,0.7728555
257,127,0.77270705
258,258,0.7556564
258,288,0.6916078
258,313,0.68820447
258,50,0.6633365
258,100,0.65460855
259,50,0.794409
259,100,0.7671053
259,258,0.7368132
259,127,0.7138918
259,313,0.6761459
260,258,0.80035585
260,300,0.76327056
260,288,0.73753726
260,313,0.7326264
260,294,0.7218969
261,258,0.8180519
261,294,0.7579276
261,313,0.737373
261,50,0.7105466
261,286,0.6802567
262,50,0.8446467
262,100,0.8141514
262,127,0.75404227
262,174,0.7537925
262,181,0.7240673
263,127,0.7827136
263,318,0.76288337
263,191,0.73533475
263,56,0.7260042
263,172,0.72221076
264,50,0.8731317
264,127,0.8347749
264,174,0.7631606
264,258,0.76128966
264,181,0.74749327
265,300,0.8613313
265,258,0.85371155
265,50,0.7928638
265,313,0.75127405
265,181,0.740949
266,258,0.7339706
266,313,0.6947217
266,302,0.69003516
266,127,0.6478596
266,300,0.64751923
267,50,0.9931345
267,204,0.95312446
267,318,0.94773155
267,172,0.94472295
267,191,0.9262708
268,100,0.8794949
268,318,0.7768751
268,181,0.77190876
268,98,0.7523954
268,204,0.73912233
269,100,0.978663
269,174,0.9042865
269,50,0.9009491
269,127,0.8971452
269,180,0.8814771
270,100,0.90564823
270,258,0.85998285
270,127,0.8522605
270,181,0.84172285
270,313,0.79787624
271,191,0.95228773
271,318,0.9407665
271,50,0.9240408
271,180,0.9183229
271,483,0.9159226
272,100,0.80608195
272,318,0.76410055
272,191,0.75014246
272,127,0.73834443
272,172,0.72479707
273,258,0.7568665
273,286,0.73952955
273,313,0.71010536
273,100,0.6903682
273,302,0.687842
274,50,0.81243926
274,288,0.7652578
274,294,0.7590489
274,181,0.7414667
274,313,0.729362
275,100,0.7088409
275,258,0.69176763
275,127,0.66167563
275,237,0.6376454
275,222,0.63136846
276,127,1.0149605
276,181,1.0125574
276,318,0.9733972
276,204,0.9546719
276,210,0.9437474
277,300,0.7827278
277,50,0.75758237
277,288,0.7565348
277,294,0.74648917
277,313,0.7236607
278,258,0.7835978
278,300,0.7198451
278,100,0.7162608
278,302,0.69592905
278,50,0.6866245
279,50,1.1768585
279,127,1.0878645
279,181,1.0687342
279,258,1.0673202
279,174,1.0267397
280,50,1.076385
280,100,0.9796997
280,181,0.9743765
280,222,0.94141966
280,174,0.94140965
281,258,0.79461485
281,294,0.7252615
281,313,0.7213377
281,286,0.6927936
281,50,0.66312057
282,258,0.74680364
282,313,0.69250554
282,286,0.6896779
282,100,0.68887377
282,300,0.68255335
283,50,0.84290904
283,181,0.7334951
283,127,0.7299314
283,174,0.71727604
283,258,0.6955891
284,286,0.8478055
284,258,0.82682484
284,313,0.78306913
284,300,0.76313645
284,288,0.7451087
285,50,0.72140896
285,258,0.72109854
285,127,0.67812365
285,313,0.6719331
285,286,0.64424807
286,50,1.0714712
286,100,1.0409229
286,258,0.9884196
286,127,0.9863777
286,181,0.96861655
287,258,0.7652328
287,300,0.71858436
287,288,0.7041266
287,181,0.7009807
287,294,0.69397235
288,50,0.7971596
288,127,0.76841503
288,313,0.6821422
288,302,0.67526025
288,181,0.67423874
289,50,0.73779106
289,258,0.7161182
289,300,0.68202597
289,288,0.6624499
289,181,0.66199064
290,50,0.94301933
290,222,0.8250152
290,100,0.8186091
290,117,0.8077919
290,210,0.78405935
291,181,1.0172881
291,222,0.9999948
291,174,0.99227935
291,237,0.9575779
291,127,0.95111394
292,100,0.9453894
292,174,0.8828062
292,127,0.88227475
292,318,0.8324296
292,191,0.7994813
293,191,0.90714234
293,318,0.9000105
293,197,0.86812454
293,56,0.8632899
293,480,0.85761094
294,300,0.98105556
294,258,0.9725366
294,288,0.9360698
294,307,0.7928646
294,245,0.7744288
295,174,1.0285
295,172,0.96043587
295,318,0.9601206
295,210,0.9466548
295,191,0.9287746
296,258,0.8586384
296,286,0.8094203
296,302,0.80890185
296,288,0.7578063
296,300,0.7406989
297,50,0.80360925
297,127,0.73454833
297,313,0.66147786
297,1,0.6398782
297,9,0.63826203
298,100,0.8994437
298,191,0.88007057
298,172,0.8781699
298,56,0.8641882
298,98,0.85731775
299,100,1.0322678
299,50,0.96048844
299,127,0.9540581
299,174,0.92794865
299,318,0.9102543
300,258,0.77399045
300,50,0.72382855
300,294,0.7011917
300,313,0.7007407
300,100,0.6914668
301,222,0.99646497
301,174,0.9718104
301,1,0.9331629
301,204,0.90616
301,172,0.89372694
302,258,0.7251946
302,300,0.66750795
302,100,0.66613185
302,50,0.6661106
302,313,0.6647412
303,318,1.0270283
303,172,0.9953
303,181,0.9883451
303,210,0.97385746
303,89,0.97215366
304,258,0.7715995
304,50,0.7266574
304,288,0.7180062
304,100,0.6725399
304,181,0.6585881
305,100,0.9212457
305,50,0.85406876
305,258,0.76548004
305,302,0.7643926
305,9,0.7544915
306,258,0.7287077
306,100,0.6975919
306,50,0.6818719
306,313,0.6735845
306,300,0.65909445
307,100,0.76019865
307,174,0.7074991
307,127,0.70582587
307,258,0.6612906
307,318,0.6399014
308,174,1.1654698
308,191,1.1413064
308,89,1.1089438
308,204,1.1087335
308,168,1.1046778
309,300,0.7569553
309,313,0.7538683
309,288,0.7375704
309,100,0.7169398
309,294,0.71596843
310,258,0.65405685
310,100,0.65387046
310,127,0.6017201
310,313,0.59378284
310,300,0.58172596
311,174,1.0567908
311,50,1.0515375
311,204,0.9975214
311,318,0.9927694
311,172,0.9894405
312,180,1.0826867
312,483,1.0716826
312,100,1.0713316
312,318,1.0699859
312,480,1.0615187
313,174,1.011405
313,100,0.97386456
313,318,0.96297985
313,191,0.9482809
313,204,0.9405396
314,50,1.0757607
314,181,1.0029187
314,237,0.9824581
314,222,0.98229927
314,258,0.96973795
315,100,0.8155599
315,50,0.7807806
315,127,0.7481776
315,258,0.6823498
315,174,0.6619682
316,50,0.729523
316,127,0.7103774
316,258,0.6552732
316,302,0.6277736
316,313,0.6276577
317,258,0.75459236
317,300,0.7199499
317,294,0.6811113
317,50,0.66721797
317,100,0.6467053
318,50,0.9292975
318,127,0.8330805
318,181,0.81731015
318,258,0.7929506
318,1,0.761181
319,258,0.7687554
319,300,0.7177378
319,286,0.716545
319,313,0.71092093
319,288,0.6972914
320,50,0.96911186
320,181,0.88359845
320,222,0.8593179
320,117,0.8519232
320,237,0.84361106
321,100,0.9409399
321,191,0.8601004
321,127,0.8566397
321,174,0.8490717
321,180,0.846063
322,100,0.770966
322,50,0.73518294
322,174,0.62749887
322,181,0.6082902
322,313,0.5984841
323,100,0.77248526
323,127,0.71973467
323,313,0.68255407
323,288,0.66880476
323,300,0.6682843
324,300,1.0045977
324,258,0.9918644
324,313,0.9018877
324,307,0.847343
324,245,0.82923824
325,100,0.8139334
325,127,0.73962164
325,174,0.7034183
325,318,0.6786985
325,191,0.6691785
326,50,0.9408349
326,100,0.9271597
326,318,0.915509
326,191,0.90858895
326,204,0.88315827
327,50,0.9143186
327,127,0.86046857
327,191,0.82912695
327,56,0.8059531
327,483,0.79178405
328,100,0.9325914
328,174,0.8417953
328,1,0.8224051
328,222,0.8216206
328,7,0.7955309
329,100,0.72074795
329,258,0.66630805
329,181,0.5927638
329,9,0.5851914
329,288,0.57207054
330,50,1.037508
330,181,0.93616927
330,222,0.9282975
330,174,0.9260727
330,127,0.8569127
331,100,0.78771466
331,50,0.72628576
331,258,0.723443
331,127,0.72259337
331,313,0.69391245
332,300,1.0833663
332,258,1.0584486
332,181,1.0534805
332,288,1.0409459
332,100,0.92399734
333,50,0.71380544
333,258,0.6269093
333,181,0.6009593
333,313,0.58200973
333,9,0.5598
334,100,1.1087986
334,191,0.9544395
334,180,0.9200122
334,480,0.91121334
334,194,0.90932953
335,258,0.80897474
335,288,0.7511738
335,313,0.7379711
335,294,0.7364146
335,286,0.7218116
336,258,0.81925553
336,100,0.8141664
336,181,0.80779326
336,300,0.76914513
336,127,0.7689582
337,258,0.7475998
337,181,0.734778
337,100,0.73058844
337,300,0.7030105
337,237,0.6979062
338,100,0.8181458
338,127,0.7391554
338,50,0.7223763
338,174,0.65819883
338,302,0.65506756
339,318,0.9994914
339,135,0.9719826
339,23,0.9676505
339,194,0.9666508
339,153,0.9533
340,100,0.7887882
340,181,0.7431726
340,174,0.7364523
340,127,0.73526174
340,222,0.69634056
341,258,0.798668
341,300,0.75520116
341,288,0.7331949
341,313,0.7326331
341,294,0.7170178
342,100,0.9145187
342,50,0.85499656
342,127,0.8409026
342,174,0.7751867
342,318,0.749311
343,100,1.0935768
343,191,1.0392227
343,89,1.0010883
343,483,0.9986156
343,204,0.9951607
344,258,0.79256016
344,181,0.7643359
344,313,0.75999767
344,9,0.75826484
344,286,0.7339146
345,100,0.953042
345,127,0.8919872
345,174,0.87415093
345,1,0.8025565
345,98,0.801599
346,174,0.96362656
346,100,0.920879
346,222,0.90463316
346,210,0.89086175
346,98,0.8598005
347,222,0.96510965
347,100,0.9102048
347,121,0.8878034
347,127,0.8688141
347,257,0.85169643
348,300,0.87257695
348,258,0.86353654
348,294,0.83536834
348,50,0.83358306
348,288,0.8328578
349,258,0.7852487
349,300,0.73500687
349,50,0.73160595
349,288,0.71889985
349,313,0.7182034
350,100,0.7913078
350,174,0.7587473
350,318,0.72179586
350,191,0.7099698
350,56,0.68510723
351,288,0.8608962
351,294,0.8490371
351,313,0.8270894
351,286,0.82159376
351,302,0.74507236
352,127,0.69723845
352,181,0.68141085
352,258,0.6590347
352,1,0.62497103
352,222,0.62047845
353,300,0.789291
353,286,0.7796751
353,288,0.7589726
353,294,0.73957
353,302,0.7125966
354,127,1.01446
354,302,0.97771907
354,9,0.93763566
354,313,0.9357202
354,269,0.9047102
355,258,0.9278675
355,300,0.88894254
355,313,0.866826
355,294,0.84160143
355,302,0.8188593
356,300,0.75601166
356,313,0.73599946
356,286,0.7311086
356,294,0.7133997
356,100,0.6844784
357,300,0.9836314
357,258,0.9691654
357,294,0.9407216
357,288,0.94009686
357,50,0.9012101
358,100,0.76332635
358,50,0.72635734
358,127,0.69888824
358,313,0.6376201
358,302,0.6254644
359,258,0.7331602
359,300,0.68998295
359,100,0.67784363
359,288,0.6727142
359,294,0.661705
360,127,0.8692424
360,302,0.79997593
360,313,0.7895245
360,9,0.7847356
360,181,0.7518946
361,100,0.9419499
361,127,0.86620146
361,174,0.8210062
361,318,0.7986896
361,191,0.79077595
362,258,0.8241115
362,288,0.76203156
362,286,0.7504506
362,294,0.7457285
362,100,0.68653667
363,318,0.87256515
363,204,0.85253745
363,98,0.8472445
363,191,0.83517754
363,1,0.8173448
364,258,0.7597092
364,300,0.70734936
364,313,0.6995144
364,288,0.6888391
364,100,0.6784931
365,258,0.87958807
365,300,0.84081376
365,313,0.81530315
365,286,0.81431276
365,294,0.795772
366,50,0.8450785
366,100,0.8172649
366,258,0.7737909
366,127,0.76339984
366,181,0.74340993
367,100,0.7814567
367,258,0.7577123
367,127,0.7281584
367,181,0.70325077
367,313,0.6998659
368,50,0.76031065
368,258,0.7093875
368,300,0.6353587
368,288,0.6337489
368,294,0.6185374
369,258,0.7471337
369,100,0.73643
369,313,0.69614637
369,127,0.6818513
369,286,0.6761393
370,127,0.7521045
370,174,0.7000513
370,318,0.66800994
370,258,0.65465915
370,191,0.64735126
371,174,0.8862628
371,100,0.8425066
371,318,0.8211678
371,172,0.8104354
371,181,0.7915053
372,258,0.8648408
372,50,0.8533864
372,100,0.82795244
372,300,0.80735487
372,313,0.79849476
373,204,1.076554
373,318,1.0731186
373,56,1.0407192
373,210,1.0397255
373,89,1.0361127
374,50,1.0987995
374,181,0.9943341
374,210,0.9430096
374,204,0.9367207
374,1,0.93402064
375,50,0.7525779
375,100,0.74371445
375,127,0.686928
375,258,0.68685424
375,181,0.646647
376,50,0.76425135
376,127,0.72036904
376,258,0.66330606
376,174,0.63934356
376,313,0.6271715
377,50,0.7353232
377,100,0.7186146
377,127,0.667014
377,313,0.66312563
377,300,0.6513488
378,50,1.0991274
378,172,1.0436957
378,191,1.0197966
378,100,1.0131404
378,168,1.0059474
379,318,1.0496751
379,50,1.0378389
379,180,1.0059377
379,483,1.0055964
379,98,0.99859494
380,127,0.82104427
380,9,0.7151464
380,181,0.71255404
380,191,0.70716476
380,313,0.7035494
381,100,0.9193243
381,50,0.8927005
381,127,0.85037136
381,174,0.81439877
381,181,0.7611653
382,50,0.73102164
382,127,0.69252616
382,258,0.64164954
382,181,0.610771
382,313,0.6067629
383,127,0.7881641
383,50,0.7713492
383,174,0.724555
383,191,0.71604156
383,318,0.71383846
384,288,0.7935722
384,294,0.77543306
384,100,0.707426
384,272,0.6982266
384,50,0.6907224
385,50,0.9645791
385,191,0.96183467
385,174,0.961183
385,318,0.9503918
385,180,0.9430132
386,258,0.7762403
386,50,0.7671319
386,300,0.7558375
386,288,0.72914755
386,294,0.7248402
387,318,1.0097663
387,56,0.97506166
387,204,0.9726478
387,168,0.95219505
387,483,0.9487288
388,313,0.83168113
388,50,0.8314171
388,181,0.7815204
388,100,0.7537098
388,286,0.7293714
389,318,1.0526631
389,180,1.0494785
389,100,1.0466994
389,89,1.0311872
389,135,1.0303566
390,313,0.7314608
390,288,0.7212324
390,100,0.7041598
390,294,0.7006055
390,50,0.68656325
391,127,0.8197434
391,191,0.8172664
391,56,0.7878456
391,483,0.7797213
391,89,0.7783
392,100,0.9448696
392,286,0.8751738
392,258,0.871328
392,302,0.85640854
392,9,0.8133448
393,50,1.1804862
393,222,1.0762321
393,1,1.0428312
393,100,1.039972
393,300,1.0242722
394,174,0.9868375
394,117,0.95088696
394,181,0.9432914
394,318,0.8894848
394,100,0.88319135
395,300,0.70695156
395,313,0.70285094
395,288,0.7007775
395,294,0.6883725
395,222,0.6494867
396,300,0.9016602
396,258,0.87580764
396,294,0.86155623
396,288,0.8545333
396,50,0.83781743
397,191,0.8013168
397,98,0.79918295
397,258,0.79010177
397,56,0.78520024
397,9,0.77625966
398,191,0.92747116
398,318,0.9232616
398,204,0.90555984
398,172,0.9002465
398,89,0.8968082
399,50,0.95651805
399,100,0.88251704
399,181,0.855916
399,127,0.83286935
399,258,0.830735
400,300,0.7767475
400,294,0.72722334
400,302,0.6931442
400,100,0.66118085
400,272,0.65283555
401,100,0.88105744
401,50,0.8753806
401,127,0.81386316
401,98,0.74768347
401,181,0.74301183
402,127,0.7681848
402,313,0.74029404
402,300,0.73273844
402,288,0.7307587
402,294,0.7140112
403,300,0.9605377
403,258,0.93569785
403,294,0.9185796
403,313,0.8209315
403,121,0.81165093
404,288,0.78342366
404,294,0.7706357
404,313,0.7695278
404,286,0.7358748
404,50,0.72550774
405,318,1.0437402
405,172,1.03943
405,210,1.0177196
405,100,1.0149826
405,56,1.0108924
406,318,1.0900656
406,168,1.0536299
406,50,1.0456046
406,153,1.0407456
406,527,1.0225128
407,174,1.0154241
407,50,0.9908421
407,318,0.96541816
407,204,0.9516022
407,82,0.89323795
408,258,0.8610458
408,286,0.83436567
408,300,0.8222147
408,100,0.7159632
408,269,0.70632356
409,197,0.98940647
409,480,0.9825775
409,194,0.9656185
409,56,0.9352959
409,238,0.9326033
410,258,0.78596514
410,286,0.75507075
410,300,0.7282719
410,288,0.7099018
410,302,0.70022815
411,100,0.7972984
411,127,0.7431361
411,222,0.7330263
411,204,0.7302013
411,172,0.7224732
412,50,0.81370294
412,100,0.7685194
412,127,0.7127126
412,181,0.7029234
412,258,0.6763362
413,288,0.83322626
413,313,0.82404083
413,294,0.814945
413,302,0.7591959
413,127,0.7222469
414,286,0.7883827
414,294,0.7516097
414,100,0.7090551
414,50,0.68840796
414,269,0.6677244
415,100,0.7373003
415,50,0.736893
415,127,0.6792984
415,181,0.629914
415,313,0.6295734
416,174,1.2299085
416,222,1.2116408
416,117,1.191627
416,237,1.1687661
416,210,1.1546679
417,50,1.1091694
417,174,1.07613
417,100,1.0371615
417,318,1.0121148
417,204,1.0074487
418,300,0.72308534
418,313,0.69243985
418,50,0.68702465
418,294,0.68626016
418,100,0.6679827
419,127,0.714026
419,258,0.7022795
419,313,0.66363204
419,302,0.64319795
419,9,0.63484377
420,302,0.74135315
420,258,0.72412926
420,313,0.7054234
420,269,0.6811777
420,9,0.6635358
421,181,0.69209164
421,318,0.685497
421,191,0.6508464
421,204,0.6483424
421,258,0.64715356
422,258,0.8476189
422,300,0.7868172
422,313,0.7835062
422,288,0.77686435
422,294,0.7589946
423,258,0.9470665
423,300,0.9188446
423,288,0.8862451
423,294,0.86549735
423,272,0.7994051
424,258,0.91225106
424,300,0.8767091
424,288,0.8496274
424,313,0.84565395
424,302,0.7843792
425,258,0.859039
425,313,0.7926773
425,300,0.78707755
425,1,0.77715343
425,237,0.77676487
426,174,0.8875948
426,180,0.8797725
426,480,0.86245
426,135,0.8553229
426,89,0.8497386
427,300,0.8931082
427,288,0.85894173
427,313,0.8568957
427,294,0.83955806
427,302,0.80718297
428,258,1.0098035
428,286,0.9856914
428,307,0.8937618
428,340,0.84440213
428,333,0.83093524
429,318,1.1741014
429,135,1.1226935
429,197,1.1178446
429,423,1.0980272
429,64,1.0966125
430,313,0.74496377
430,300,0.7021644
430,9,0.6959003
430,294,0.68186986
430,1,0.65625995
431,258,0.8108691
431,288,0.75568205
431,313,0.73546076
431,286,0.6955486
431,50,0.6936801
432,50,0.8584979
432,237,0.84290713
432,1,0.7740565
432,100,0.7472248
432,222,0.7421331
433,100,0.75941926
433,50,0.70151484
433,258,0.6982108
433,127,0.6948217
433,313,0.6666601
434,300,0.8671108
434,258,0.8539037
434,294,0.8278092
434,50,0.81188244
434,181,0.76108056
435,100,1.0772302
435,204,1.0743052
435,222,1.0616962
435,117,1.0390606
435,28,1.000778
436,100,0.95915085
436,181,0.92902404
436,174,0.89497674
436,258,0.88827264
436,222,0.8842879
437,89,0.9901862
437,197,0.98257756
437,168,0.9770522
437,194,0.97578853
437,527,0.9477308
438,258,0.8825058
438,294,0.8571431
438,288,0.8557397
438,50,0.789608
438,313,0.7753057
439,258,0.8423821
439,288,0.7851574
439,294,0.77099437
439,313,0.7671638
439,50,0.765213
440,286,0.93167293
440,100,0.883428
440,302,0.8786917
440,300,0.85256886
440,288,0.8443086
442,50,0.92129046
442,100,0.8484476
442,127,0.7947523
442,222,0.7698134
442,1,0.751351
444,258,0.7777898
444,286,0.7402818
444,288,0.70282966
444,302,0.68759805
444,294,0.67981756
445,50,0.7197523
445,100,0.69223505
445,258,0.6868079
445,127,0.6409197
445,181,0.6269872
447,100,0.9152333
447,222,0.8697797
447,127,0.8653286
447,1,0.84684926
447,210,0.7994129
448,286,0.9160536
448,313,0.84209234
448,300,0.83621436
448,288,0.81188524
448,272,0.7846728
449,286,0.8845903
449,258,0.88126945
449,50,0.86306447
449,302,0.857788
449,313,0.8509759
450,100,1.2636143
450,210,1.1990178
450,64,1.1709217
450,483,1.1697143
450,82,1.1666667
451,300,1.0254616
451,294,0.95857805
451,286,0.93734956
451,313,0.9285295
451,245,0.8837043
452,191,1.0035666
452,56,0.95948327
452,204,0.9561472
452,135,0.94577986
452,23,0.94401187
453,222,0.8978554
453,127,0.87801474
453,1,0.8680996
453,98,0.8111856
453,257,0.8090269
454,181,0.8772421
454,127,0.86621815
454,222,0.83701426
454,1,0.81710774
454,117,0.806733
455,222,0.87715787
455,117,0.85373086
455,237,0.8370893
455,318,0.8328011
455,210,0.82722765
456,100,1.0794519
456,318,0.9956196
456,191,0.9833825
456,98,0.96184576
456,89,0.9451802
457,95,1.0579681
457,153,1.0560855
457,496,1.0462145
457,419,1.0437976
457,23,1.0365467
458,50,1.0642304
458,174,1.0174849
458,98,0.9660796
458,197,0.96550256
458,480,0.9535037
462,258,0.877008
462,294,0.81806487
462,50,0.7486998
462,286,0.74706346
462,302,0.7019152
